100
175
250
325
400
475
550
625
700
775
850
925
1000
1075
1150
1225
1300
1375
1450
1525
1600
1675
1750
100
175
250
325
400
475
550
625
700
775
850
925
1000
1075
1150
1225
1300
1375
1450
1525
1600
1675
1750
100
175
250
325
400
475
550
625
700
775
850
925
1000
1075
1150
1225
1300
1375
1450
1525
1600
1675
1750
100
175
250
325
400
475
550
625
700
775
850
925
1000
1075
1150
1225
1300
1375
1450
1525
1600
1675
1750
100
175
250
325
400
475
550
625
700
775
850
925
1000
1075
1150
1225
1300
1375
1450
1525
1600
1675
1750
100
175
250
325
400
475
550
625
700
775
850
925
1000
1075
1150
1225
1300
1375
1450
1525
1600
1675
1750
100
175
250
325
400
475
550
625
700
775
850
925
1000
1075
1150
1225
1300
1375
1450
1525
1600
1675
1750
100
175
250
325
400
475
550
625
700
775
850
925
1000
1075
1150
1225
1300
1375
1450
1525
1600
1675
1750
100
175
250
325
400
475
550
625
700
775
850
925
1000
1075
1150
1225
1300
1375
1450
1525
1600
1675
1750
100
175
250
325
400
475
550
625
700
775
850
925
1000
1075
1150
1225
1300
1375
1450
1525
1600
1675
1750
100
175
250
325
400
475
550
625
700
775
850
925
1000
1075
1150
1225
1300
1375
1450
1525
1600
1675
1750
100
175
250
325
400
475
550
625
700
775
850
925
1000
1075
1150
1225
1300
1375
1450
1525
1600
1675
1750
100
175
250
325
400
475
550
625
700
775
850
925
1000
1075
1150
1225
1300
1375
1450
1525
1600
1675
1750
100
175
250
325
400
475
550
625
700
775
850
925
1000
1075
1150
1225
1300
1375
1450
1525
1600
1675
1750
100
175
250
325
400
475
550
625
700
775
850
925
1000
1075
1150
1225
1300
1375
1450
1525
1600
1675
1750
100
175
250
325
400
475
550
625
700
775
850
925
1000
1075
1150
1225
1300
1375
1450
1525
1600
1675
1750
100
175
250
325
400
475
550
625
700
775
850
925
1000
1075
1150
1225
1300
1375
1450
1525
1600
1675
1750
100
175
250
325
400
475
550
625
700
775
850
925
1000
1075
1150
1225
1300
1375
1450
1525
1600
1675
1750
100
175
250
325
400
475
550
625
700
775
850
925
1000
1075
1150
1225
1300
1375
1450
1525
1600
1675
1750
100
175
250
325
400
475
550
625
700
775
850
925
1000
1075
1150
1225
1300
1375
1450
1525
1600
1675
1750
100
175
250
325
400
475
550
625
700
775
850
925
1000
1075
1150
1225
1300
1375
1450
1525
1600
1675
1750
100
175
250
325
400
475
550
625
700
775
850
925
1000
1075
1150
1225
1300
1375
1450
1525
1600
1675
1750
100
175
250
325
400
475
550
625
700
775
850
925
1000
1075
1150
1225
1300
1375
1450
1525
1600
1675
1750
